date,time_utc,record,status,lat,lng,max_wind_kt,min_pressure_mb,34kt_wind_radius_nm_ne,34kt_wind_radius_nm_se,34kt_wind_radius_nm_nw,34kt_wind_radius_nm_sw,50kt_wind_radius_nm_ne,50kt_wind_radius_nm_se,50kt_wind_radius_nm_nw,50kt_wind_radius_nm_sw,64kt_wind_radius_nm_ne,64kt_wind_radius_nm_se,64kt_wind_radius_nm_nw,64kt_wind_radius_nm_sw,max_wind_radius_nm
19740902, 1800,  , TD, 27.2N,  67.9W,  30, -999, -999, -999, -999, -999, -999, -999, -999, -999, -999, -999, -999, -999, -999
19740903, 0000,  , TD, 27.7N,  69.0W,  30, -999, -999, -999, -999, -999, -999, -999, -999, -999, -999, -999, -999, -999, -999
19740903, 0600,  , TD, 28.3N,  70.1W,  30, -999, -999, -999, -999, -999, -999, -999, -999, -999, -999, -999, -999, -999, -999
19740903, 1200,  , TD, 29.1N,  71.1W,  30, -999, -999, -999, -999, -999, -999, -999, -999, -999, -999, -999, -999, -999, -999
19740903, 1800,  , TS, 30.2N,  72.0W,  45, 1005, -999, -999, -999, -999, -999, -999, -999, -999, -999, -999, -999, -999, -999
19740904, 0000,  , TS, 31.8N,  72.6W,  45, -999, -999, -999, -999, -999, -999, -999, -999, -999, -999, -999, -999, -999, -999
19740904, 0600,  , TS, 33.6N,  72.6W,  45, -999, -999, -999, -999, -999, -999, -999, -999, -999, -999, -999, -999, -999, -999
19740904, 1200,  , TS, 35.5N,  72.1W,  45, -999, -999, -999, -999, -999, -999, -999, -999, -999, -999, -999, -999, -999, -999
19740904, 1800,  , TS, 37.8N,  70.6W,  40, -999, -999, -999, -999, -999, -999, -999, -999, -999, -999, -999, -999, -999, -999
19740905, 0000,  , TS, 40.8N,  67.5W,  40, -999, -999, -999, -999, -999, -999, -999, -999, -999, -999, -999, -999, -999, -999
19740905, 0600,  , TS, 43.0N,  63.8W,  40, -999, -999, -999, -999, -999, -999, -999, -999, -999, -999, -999, -999, -999, -999
19740905, 1200,  , EX, 44.2N,  60.3W,  35, 1004, -999, -999, -999, -999, -999, -999, -999, -999, -999, -999, -999, -999, -999
